# matrixB
734.00000 0.00000
348.65000 385.35000
734.00000 0.00000
225.84615 508.15385
734.00000 0.00000
449.57500 284.42500
734.00000 0.00000
578.73077 155.26923
734.00000 0.00000
640.13417 93.86583
447.86441 286.13559
0.00000 734.00000
734.00000 0.00000
734.00000 0.00000
97.86667 636.13333
734.00000 0.00000
734.00000 0.00000
545.35514 188.64486
734.00000 0.00000
270.42105 463.57895
734.00000 0.00000
0.00000 734.00000
734.00000 0.00000
170.39286 563.60714
734.00000 0.00000
629.14286 104.85714
734.00000 0.00000
617.22727 116.77273
734.00000 0.00000
363.57009 370.42991
734.00000 0.00000
305.83333 428.16667
734.00000 0.00000
734.00000 0.00000
566.22857 167.77143
734.00000 0.00000
734.00000 0.00000
282.30769 451.69231
734.00000 0.00000
437.57692 296.42308
734.00000 0.00000
734.00000 0.00000
621.07692 112.92308
423.91444 310.08556
734.00000 0.00000
166.81818 567.18182
734.00000 0.00000
0.00000 734.00000
734.00000 0.00000
734.00000 0.00000
660.60000 73.40000
734.00000 0.00000
734.00000 0.00000
302.23529 431.76471
166.81818 567.18182
702.98592 31.01408
330.30000 403.70000
734.00000 0.00000
734.00000 0.00000
489.33333 244.66667
734.00000 0.00000
367.00000 367.00000
734.00000 0.00000
734.00000 0.00000
122.33333 611.66667
734.00000 0.00000
734.00000 0.00000
674.48649 59.51351
458.75000 275.25000
734.00000 0.00000
734.00000 0.00000
734.00000 0.00000
489.33333 244.66667
0.00000 734.00000
734.00000 0.00000
734.00000 0.00000
0.00000 734.00000
721.34483 12.65517
734.00000 0.00000
734.00000 0.00000
436.90476 297.09524
734.00000 0.00000
163.11111 570.88889
734.00000 0.00000
81.55556 652.44444
734.00000 0.00000
734.00000 0.00000
0.00000 734.00000
734.00000 0.00000
135.92593 598.07407
0.00000 734.00000
734.00000 0.00000
380.59259 353.40741
489.33333 244.66667
734.00000 0.00000
734.00000 0.00000
734.00000 0.00000
734.00000 0.00000
524.28571 209.71429
734.00000 0.00000
570.88889 163.11111
734.00000 0.00000
623.39726 110.60274
734.00000 0.00000
0.00000 734.00000
734.00000 0.00000
0.00000 734.00000
677.53846 56.46154
734.00000 0.00000
734.00000 0.00000
0.00000 734.00000
734.00000 0.00000
359.80392 374.19608
244.66667 489.33333
561.29412 172.70588
270.42105 463.57895
734.00000 0.00000
0.00000 734.00000
734.00000 0.00000
338.76923 395.23077
734.00000 0.00000
722.34921 11.65079
412.87500 321.12500
367.00000 367.00000
349.52381 384.47619
719.60784 14.39216
734.00000 0.00000
0.00000 734.00000
638.26087 95.73913
734.00000 0.00000
361.17460 372.82540
734.00000 0.00000
367.00000 367.00000
734.00000 0.00000
478.69565 255.30435
734.00000 0.00000
398.91304 335.08696
734.00000 0.00000
734.00000 0.00000
734.00000 0.00000
244.66667 489.33333
734.00000 0.00000
329.76812 404.23188
734.00000 0.00000
0.00000 734.00000
734.00000 0.00000
164.77551 569.22449
734.00000 0.00000
489.33333 244.66667
734.00000 0.00000
558.47826 175.52174
0.00000 734.00000
734.00000 0.00000
367.00000 367.00000
734.00000 0.00000
688.12500 45.87500
632.75862 101.24138
333.63636 400.36364
0.00000 734.00000
734.00000 0.00000
445.64286 288.35714
734.00000 0.00000
734.00000 0.00000
0.00000 734.00000
244.66667 489.33333
734.00000 0.00000
734.00000 0.00000
734.00000 0.00000
146.80000 587.20000
734.00000 0.00000
0.00000 734.00000
734.00000 0.00000
567.18182 166.81818
668.75556 65.24444
734.00000 0.00000
454.38095 279.61905
734.00000 0.00000
489.33333 244.66667
0.00000 734.00000
734.00000 0.00000
489.33333 244.66667
734.00000 0.00000
734.00000 0.00000
489.33333 244.66667
734.00000 0.00000
734.00000 0.00000
734.00000 0.00000
214.08333 519.91667
734.00000 0.00000
193.15789 540.84211
734.00000 0.00000
244.66667 489.33333
293.60000 440.40000
734.00000 0.00000
508.79545 225.20455
734.00000 0.00000
734.00000 0.00000
419.42857 314.57143
391.46667 342.53333
94.10256 639.89744
734.00000 0.00000
734.00000 0.00000
458.75000 275.25000
734.00000 0.00000
734.00000 0.00000
734.00000 0.00000
734.00000 0.00000
667.27273 66.72727
734.00000 0.00000
734.00000 0.00000
209.71429 524.28571
734.00000 0.00000
611.66667 122.33333
345.41176 388.58824
734.00000 0.00000
734.00000 0.00000
133.45455 600.54545
734.00000 0.00000
734.00000 0.00000
734.00000 0.00000
734.00000 0.00000
0.00000 734.00000
734.00000 0.00000
305.83333 428.16667
734.00000 0.00000
367.00000 367.00000
734.00000 0.00000
734.00000 0.00000
734.00000 0.00000
734.00000 0.00000
734.00000 0.00000
0.00000 734.00000
451.69231 282.30769
734.00000 0.00000
734.00000 0.00000
734.00000 0.00000
220.20000 513.80000
734.00000 0.00000
483.77273 250.22727
282.30769 451.69231
259.05882 474.94118
367.00000 367.00000
734.00000 0.00000
734.00000 0.00000
734.00000 0.00000
333.63636 400.36364
458.75000 275.25000
326.22222 407.77778
326.22222 407.77778
0.00000 734.00000
734.00000 0.00000
734.00000 0.00000
734.00000 0.00000
734.00000 0.00000
734.00000 0.00000
734.00000 0.00000
734.00000 0.00000
734.00000 0.00000
367.00000 367.00000
734.00000 0.00000
411.04000 322.96000
559.23810 174.76190
183.50000 550.50000
734.00000 0.00000
734.00000 0.00000
440.40000 293.60000
163.11111 570.88889
734.00000 0.00000
550.50000 183.50000
734.00000 0.00000
734.00000 0.00000
734.00000 0.00000
734.00000 0.00000
734.00000 0.00000
440.40000 293.60000
489.33333 244.66667
0.00000 734.00000
734.00000 0.00000
734.00000 0.00000
734.00000 0.00000
734.00000 0.00000
104.85714 629.14286
734.00000 0.00000
234.88000 499.12000
244.66667 489.33333
734.00000 0.00000
734.00000 0.00000
734.00000 0.00000
533.81818 200.18182
448.55556 285.44444
215.88235 518.11765
734.00000 0.00000
0.00000 734.00000
122.33333 611.66667
0.00000 734.00000
734.00000 0.00000
734.00000 0.00000
734.00000 0.00000
734.00000 0.00000
734.00000 0.00000
43.17647 690.82353
386.31579 347.68421
734.00000 0.00000
367.00000 367.00000
734.00000 0.00000
734.00000 0.00000
0.00000 734.00000
31.91304 702.08696
734.00000 0.00000
734.00000 0.00000
524.28571 209.71429
734.00000 0.00000
0.00000 734.00000
440.40000 293.60000
734.00000 0.00000
489.33333 244.66667
734.00000 0.00000
489.33333 244.66667
734.00000 0.00000
734.00000 0.00000
734.00000 0.00000
0.00000 734.00000
0.00000 734.00000
431.76471 302.23529
734.00000 0.00000
734.00000 0.00000
734.00000 0.00000
734.00000 0.00000
0.00000 734.00000
734.00000 0.00000
734.00000 0.00000
79.78261 654.21739
734.00000 0.00000
0.00000 734.00000
734.00000 0.00000
734.00000 0.00000
0.00000 734.00000
163.11111 570.88889
0.00000 734.00000
0.00000 734.00000
0.00000 734.00000
734.00000 0.00000
244.66667 489.33333
734.00000 0.00000
0.00000 734.00000
734.00000 0.00000
734.00000 0.00000
734.00000 0.00000
734.00000 0.00000
734.00000 0.00000
734.00000 0.00000
0.00000 734.00000
209.71429 524.28571
0.00000 734.00000
734.00000 0.00000
621.07692 112.92308
734.00000 0.00000
734.00000 0.00000
518.11765 215.88235
734.00000 0.00000
530.11111 203.88889
600.54545 133.45455
0.00000 734.00000
734.00000 0.00000
734.00000 0.00000
419.42857 314.57143
0.00000 734.00000
734.00000 0.00000
262.14286 471.85714
244.66667 489.33333
734.00000 0.00000
734.00000 0.00000
734.00000 0.00000
0.00000 734.00000
734.00000 0.00000
734.00000 0.00000
734.00000 0.00000
326.22222 407.77778
734.00000 0.00000
611.66667 122.33333
734.00000 0.00000
734.00000 0.00000
0.00000 734.00000
734.00000 0.00000
734.00000 0.00000
0.00000 734.00000
734.00000 0.00000
0.00000 734.00000
734.00000 0.00000
504.62500 229.37500
734.00000 0.00000
734.00000 0.00000
734.00000 0.00000
367.00000 367.00000
734.00000 0.00000
734.00000 0.00000
451.69231 282.30769
0.00000 734.00000
734.00000 0.00000
611.66667 122.33333
734.00000 0.00000
734.00000 0.00000
734.00000 0.00000
0.00000 734.00000
734.00000 0.00000
0.00000 734.00000
0.00000 734.00000
0.00000 734.00000
734.00000 0.00000
122.33333 611.66667
734.00000 0.00000
734.00000 0.00000
734.00000 0.00000
734.00000 0.00000
734.00000 0.00000
0.00000 734.00000
734.00000 0.00000
734.00000 0.00000
293.60000 440.40000
734.00000 0.00000
672.83333 61.16667
734.00000 0.00000
734.00000 0.00000
0.00000 734.00000
0.00000 734.00000
734.00000 0.00000
0.00000 734.00000
326.22222 407.77778
734.00000 0.00000
0.00000 734.00000
734.00000 0.00000
734.00000 0.00000
734.00000 0.00000
734.00000 0.00000
314.57143 419.42857
518.11765 215.88235
734.00000 0.00000
734.00000 0.00000
550.50000 183.50000
734.00000 0.00000
458.75000 275.25000
734.00000 0.00000
146.80000 587.20000
734.00000 0.00000
734.00000 0.00000
734.00000 0.00000
734.00000 0.00000
734.00000 0.00000
0.00000 734.00000
734.00000 0.00000
734.00000 0.00000
0.00000 734.00000
0.00000 734.00000
734.00000 0.00000
734.00000 0.00000
367.00000 367.00000
0.00000 734.00000
0.00000 734.00000
734.00000 0.00000
0.00000 734.00000
734.00000 0.00000
367.00000 367.00000
0.00000 734.00000
0.00000 734.00000
146.80000 587.20000
0.00000 734.00000
734.00000 0.00000
734.00000 0.00000
734.00000 0.00000
734.00000 0.00000
367.00000 367.00000
367.00000 367.00000
734.00000 0.00000
734.00000 0.00000
734.00000 0.00000
0.00000 734.00000
0.00000 734.00000
0.00000 734.00000
734.00000 0.00000
0.00000 734.00000
734.00000 0.00000
734.00000 0.00000
0.00000 734.00000
734.00000 0.00000
244.66667 489.33333
0.00000 734.00000
734.00000 0.00000
734.00000 0.00000
734.00000 0.00000
734.00000 0.00000
734.00000 0.00000
275.25000 458.75000
734.00000 0.00000
734.00000 0.00000
0.00000 734.00000
734.00000 0.00000
0.00000 734.00000
367.00000 367.00000
0.00000 734.00000
183.50000 550.50000
244.66667 489.33333
734.00000 0.00000
570.88889 163.11111
550.50000 183.50000
734.00000 0.00000
244.66667 489.33333
734.00000 0.00000
734.00000 0.00000
734.00000 0.00000
734.00000 0.00000
104.85714 629.14286
550.50000 183.50000
244.66667 489.33333
734.00000 0.00000
0.00000 734.00000
734.00000 0.00000
0.00000 734.00000
734.00000 0.00000
0.00000 734.00000
734.00000 0.00000
458.75000 275.25000
734.00000 0.00000
0.00000 734.00000
734.00000 0.00000
0.00000 734.00000
0.00000 734.00000
0.00000 734.00000
734.00000 0.00000
0.00000 734.00000
734.00000 0.00000
0.00000 734.00000
183.50000 550.50000
734.00000 0.00000
524.28571 209.71429
0.00000 734.00000
734.00000 0.00000
734.00000 0.00000
600.54545 133.45455
0.00000 734.00000
0.00000 734.00000
734.00000 0.00000
367.00000 367.00000
0.00000 734.00000
458.75000 275.25000
734.00000 0.00000
183.50000 550.50000
734.00000 0.00000
0.00000 734.00000
0.00000 734.00000
734.00000 0.00000
0.00000 734.00000
734.00000 0.00000
734.00000 0.00000
734.00000 0.00000
244.66667 489.33333
0.00000 734.00000
734.00000 0.00000
734.00000 0.00000
0.00000 734.00000
734.00000 0.00000
0.00000 734.00000
734.00000 0.00000
734.00000 0.00000
734.00000 0.00000
734.00000 0.00000
734.00000 0.00000
734.00000 0.00000
734.00000 0.00000
524.28571 209.71429
0.00000 734.00000
305.83333 428.16667
734.00000 0.00000
0.00000 734.00000
0.00000 734.00000
734.00000 0.00000
0.00000 734.00000
0.00000 734.00000
734.00000 0.00000
0.00000 734.00000
0.00000 734.00000
0.00000 734.00000
0.00000 734.00000
0.00000 734.00000
734.00000 0.00000
0.00000 734.00000
0.00000 734.00000
734.00000 0.00000
734.00000 0.00000
0.00000 734.00000
734.00000 0.00000
734.00000 0.00000
367.00000 367.00000
734.00000 0.00000
0.00000 734.00000
611.66667 122.33333
734.00000 0.00000
734.00000 0.00000
734.00000 0.00000
550.50000 183.50000
734.00000 0.00000
734.00000 0.00000
734.00000 0.00000
0.00000 734.00000
0.00000 734.00000
326.22222 407.77778
734.00000 0.00000
0.00000 734.00000
0.00000 734.00000
0.00000 734.00000
0.00000 734.00000
0.00000 734.00000
587.20000 146.80000
0.00000 734.00000
0.00000 734.00000
0.00000 734.00000
734.00000 0.00000
0.00000 734.00000
734.00000 0.00000
734.00000 0.00000
734.00000 0.00000
0.00000 734.00000
734.00000 0.00000
367.00000 367.00000
734.00000 0.00000
0.00000 734.00000
0.00000 734.00000
0.00000 734.00000
734.00000 0.00000
440.40000 293.60000
734.00000 0.00000
146.80000 587.20000
0.00000 734.00000
734.00000 0.00000
0.00000 734.00000
734.00000 0.00000
0.00000 734.00000
734.00000 0.00000
0.00000 734.00000
0.00000 734.00000
0.00000 734.00000
734.00000 0.00000
0.00000 734.00000
0.00000 734.00000
0.00000 734.00000
0.00000 734.00000
734.00000 0.00000
0.00000 734.00000
367.00000 367.00000
734.00000 0.00000
734.00000 0.00000
734.00000 0.00000
0.00000 734.00000
734.00000 0.00000
734.00000 0.00000
0.00000 734.00000
734.00000 0.00000
734.00000 0.00000
734.00000 0.00000
0.00000 734.00000
734.00000 0.00000
734.00000 0.00000
734.00000 0.00000
0.00000 734.00000
0.00000 734.00000
0.00000 734.00000
734.00000 0.00000
0.00000 734.00000
0.00000 734.00000
734.00000 0.00000
734.00000 0.00000
0.00000 734.00000
734.00000 0.00000
0.00000 734.00000
367.00000 367.00000
0.00000 734.00000
0.00000 734.00000
734.00000 0.00000
734.00000 0.00000
734.00000 0.00000
0.00000 734.00000
0.00000 734.00000
0.00000 734.00000
0.00000 734.00000
0.00000 734.00000
0.00000 734.00000
734.00000 0.00000
734.00000 0.00000
0.00000 734.00000
734.00000 0.00000
0.00000 734.00000
0.00000 734.00000
0.00000 734.00000
734.00000 0.00000
0.00000 734.00000
734.00000 0.00000
0.00000 734.00000
0.00000 734.00000
734.00000 0.00000
734.00000 0.00000
0.00000 734.00000
734.00000 0.00000
367.00000 367.00000
0.00000 734.00000
734.00000 0.00000
0.00000 734.00000
0.00000 734.00000
0.00000 734.00000
734.00000 0.00000
0.00000 734.00000
734.00000 0.00000
0.00000 734.00000
734.00000 0.00000
734.00000 0.00000
734.00000 0.00000
734.00000 0.00000
0.00000 734.00000
0.00000 734.00000
0.00000 734.00000
0.00000 734.00000
0.00000 734.00000
0.00000 734.00000
0.00000 734.00000
734.00000 0.00000
0.00000 734.00000
734.00000 0.00000
734.00000 0.00000
0.00000 734.00000
0.00000 734.00000
0.00000 734.00000
0.00000 734.00000
0.00000 734.00000
734.00000 0.00000
0.00000 734.00000
734.00000 0.00000
